bEd	98 69 100 0 0 0 0 0 0 0 0 0
tri 	116 114 105 32 0 0 0 0 0 0 0 0
pEns@l 	112 69 110 115 64 108 32 0 0 0 0 0
haUs 	104 97 85 115 32 0 0 0 0 0 0 0
wIs@l 	119 73 115 64 108 32 0 0 0 0 0 0
sIz@rz 	115 73 122 64 114 122 32 0 0 0 0 0
koUm 	107 111 85 109 32 0 0 0 0 0 0 0
flaw@r 	102 108 97 119 64 114 32 0 0 0 0 0
sO 	115 79 32 0 0 0 0 0 0 0 0 0
tuTbr@S 	116 117 84 98 114 64 83 32 0 0 0 0
hElI%kApt@r 	104 69 108 73 37 107 65 112 116 64 114 32
brum 	98 114 117 109 32 0 0 0 0 0 0 0
Akt@%pUs 	65 107 116 64 37 112 85 115 32 0 0 0
mVSrum 	109 86 83 114 117 109 32 0 0 0 0 0
h{N@r 	104 123 78 64 114 32 0 0 0 0 0 0
wil%tSEr 	119 105 108 37 116 83 69 114 32 0 0 0
k{m@l 	107 123 109 64 108 32 0 0 0 0 0 0
m{sk 	109 123 115 107 32 0 0 0 0 0 0 0
prEtz@l 	112 114 69 116 122 64 108 32 0 0 0 0
bEntS 	98 69 110 116 83 32 0 0 0 0 0 0
r{kIt 	114 123 107 73 116 32 0 0 0 0 0 0
sneIl 	115 110 101 73 108 32 0 0 0 0 0 0
vAlkeInoU 	118 65 108 107 101 73 110 111 85 32 0 0
sihOrs 	115 105 104 79 114 115 32 0 0 0 0 0
dArt 	100 65 114 116 32 0 0 0 0 0 0 0
k@nu 	107 64 110 117 32 0 0 0 0 0 0 0
gloUb 	103 108 111 85 98 32 0 0 0 0 0 0
riT 	114 105 84 32 0 0 0 0 0 0 0 0
biv@r 	98 105 118 64 114 32 0 0 0 0 0 0
hArmAnIk@ 	104 65 114 109 65 110 73 107 64 32 0 0
raInAs@r@s 	114 97 73 110 65 115 64 114 64 115 32 0
eIkOrn 	101 73 107 79 114 110 32 0 0 0 0 0
Iglu 	73 103 108 117 32 0 0 0 0 0 0 0
stIlts 	115 116 73 108 116 115 32 0 0 0 0 0
dAm@%noUz 	100 65 109 64 37 110 111 85 122 32 0 0
k{kt@s 	107 123 107 116 64 115 32 0 0 0 0 0
Esk@%leIt@r 	69 115 107 64 37 108 101 73 116 64 114 32
hArp 	104 65 114 112 32 0 0 0 0 0 0 0
h{m@k 	104 123 109 64 107 32 0 0 0 0 0 0
nAk@r 	110 65 107 64 114 32 0 0 0 0 0 0
pEl@k@n 	112 69 108 64 107 64 110 32 0 0 0 0
stET@%skoUp 	115 116 69 84 64 37 115 107 111 85 112 32
pIr@mId 	112 73 114 64 109 73 100 32 0 0 0 0
mVz@l 	109 86 122 64 108 32 0 0 0 0 0 0
junI%kOrn 	106 117 110 73 37 107 79 114 110 32 0 0
fVn@l 	102 86 110 64 108 32 0 0 0 0 0 0
@kOrdi@n 	64 107 79 114 100 105 64 110 32 0 0 0
nus 	110 117 115 32 0 0 0 0 0 0 0 0
@spEr@g@s 	64 115 112 69 114 64 103 64 115 32 0 0
kVmp@s 	107 86 109 112 64 115 32 0 0 0 0 0
l{tS 	108 123 116 83 32 0 0 0 0 0 0 0
traI%pAd 	116 114 97 73 37 112 65 100 32 0 0 0
skroUl 	115 107 114 111 85 108 32 0 0 0 0 0
tANz 	116 65 78 122 32 0 0 0 0 0 0 0
sfINks 	115 102 73 78 107 115 32 0 0 0 0 0
joUk 	106 111 85 107 32 0 0 0 0 0 0 0
trEl@s 	116 114 69 108 64 115 32 0 0 0 0 0
p{l@t 	112 123 108 64 116 32 0 0 0 0 0 0
proUtr{kt@r 	112 114 111 85 116 114 123 107 116 64 114 32
{b@k@s 	123 98 64 107 64 115 32 0 0 0 0 0
